2.403464459348469973e-04
4.789062077179551125e-04
4.176216025371104479e-04
3.853502566926181316e-04
4.787966900039464235e-04
7.120116497389972210e-04
4.365168861113488674e-04
3.984888608101755381e-04
5.698531749658286572e-04
4.512753221206367016e-04
3.728945739567279816e-04
1.078133005648851395e-03
4.238209221512079239e-04
1.868719555204734206e-04
5.220679449848830700e-04
2.979299461003392935e-04
1.011027721688151360e-03
3.050931845791637897e-04
3.536349686328321695e-04
4.346513596829026937e-04
3.373995423316955566e-04
5.566440522670745850e-04
3.807937027886509895e-04
8.251433027908205986e-04
4.113975446671247482e-04
2.012499171542003751e-04
7.368674268946051598e-04
9.965826757252216339e-04
4.047657421324402094e-04
8.967294706963002682e-04
4.190700710751116276e-04
8.800235809758305550e-04
7.269631605595350266e-04
4.288516647648066282e-04
1.158726052381098270e-03
4.753471584990620613e-04
1.055934466421604156e-03
3.263787075411528349e-04
5.084812873974442482e-04
3.870493092108517885e-04
7.041461067274212837e-04
3.841690777335315943e-04
4.663066938519477844e-04
7.623459678143262863e-04
2.791195583995431662e-04
3.385035961400717497e-04
6.023425958119332790e-04
1.012128428556025028e-03
8.530783816240727901e-04
4.227659665048122406e-04
4.273634112905710936e-04
7.595563656650483608e-04
8.798190974630415440e-04
3.786671441048383713e-04
4.636905214283615351e-04
4.141419776715338230e-04
1.791333779692649841e-04
9.599419427104294300e-04
8.763826917856931686e-04
5.168011412024497986e-04
4.697497934103012085e-04
3.857045958284288645e-04
8.838481735438108444e-04
4.092846647836267948e-04
3.823613224085420370e-04
6.026040646247565746e-04
3.747334121726453304e-04
3.489421214908361435e-04
6.228616111911833286e-04
2.448984887450933456e-04
3.738668747246265411e-04
3.425100294407457113e-04
6.189347477629780769e-04
4.398449091240763664e-04
5.521195707842707634e-04
9.819876868277788162e-04
3.931468527298420668e-04
3.544221981428563595e-04
4.783633921761065722e-04
5.179094150662422180e-04
6.818016991019248962e-04
3.130616096314042807e-04
3.643253585323691368e-04
2.389029687037691474e-04
4.286888870410621166e-04
4.057495098095387220e-04
3.573740832507610321e-04
6.579929031431674957e-04
3.515095158945769072e-04
4.155277274549007416e-04
4.789664817508310080e-04
5.031753098592162132e-04
3.798784746322780848e-04
4.063268133904784918e-04
4.053788434248417616e-04
3.643984673544764519e-04
3.460820007603615522e-04
4.266679170541465282e-04
4.179599636700004339e-04
4.661249695345759392e-04
4.447764076758176088e-04
4.909556591883301735e-04
3.880065924022346735e-04
3.558504395186901093e-04
4.197638190817087889e-04
3.812638169620186090e-04
3.699759836308658123e-04
8.186589693650603294e-04
4.402172344271093607e-04
3.563901118468493223e-04
3.692030441015958786e-04
4.945867112837731838e-04
4.938719212077558041e-04
2.917262609116733074e-04
4.174547211732715368e-04
3.324366116430610418e-04
3.426447510719299316e-04
2.621426538098603487e-04
3.598322800826281309e-04
3.980771871283650398e-04
3.426841576583683491e-04
4.274841339793056250e-04
4.943575477227568626e-04
3.796708479057997465e-04
4.083763051312416792e-04
3.074843843933194876e-04
3.213887102901935577e-04
8.274051360785961151e-04
9.648370323702692986e-04
4.767559585161507130e-04
6.379137630574405193e-04
2.995176182594150305e-04
3.765084547922015190e-04
4.707154585048556328e-04
2.964687591884285212e-04
4.442852223291993141e-04
3.526139771565794945e-04
5.127493641339242458e-04
8.458645315840840340e-04
4.674538504332304001e-04
3.691178571898490191e-04
2.989747445099055767e-04
7.065836107358336449e-04
6.943807238712906837e-04
5.173484096303582191e-04
3.856769180856645107e-04
3.934386186301708221e-04
3.402958973310887814e-04
5.094603402540087700e-04
2.795775944832712412e-04
5.031486507505178452e-04
1.679072738625109196e-04
4.445309459697455168e-04
3.245002881158143282e-04
3.838652628473937511e-04
5.062752170488238335e-04
5.803084932267665863e-04
3.443222376517951488e-04
5.025496357120573521e-04
4.810972895938903093e-04
1.053449930623173714e-03
3.269108710810542107e-04
9.713136241771280766e-04
6.998840253800153732e-04
3.031149099115282297e-04
3.450078947935253382e-04
9.013095404952764511e-04
6.370852934196591377e-04
3.630085848271846771e-04
9.267356945201754570e-04
5.581391160376369953e-04
1.760393352014943957e-04
4.332253593020141125e-04
3.799555706791579723e-04
4.316888516768813133e-04
4.919175989925861359e-04
4.615556681528687477e-04
5.010227323509752750e-04
6.669535068795084953e-04
4.572601756080985069e-04
6.064845365472137928e-04
4.261583671905100346e-04
3.973888233304023743e-04
4.760468145832419395e-04
3.082402690779417753e-04
3.062827163375914097e-04
4.825066716875880957e-04
2.055981603916734457e-04
4.614607896655797958e-04
1.919851783895865083e-04
4.212234052829444408e-04
3.492179675959050655e-04
2.999188727699220181e-04
2.759122871793806553e-04
1.038925838656723499e-03
4.281319270376116037e-04
3.998752217739820480e-04
3.936328284908086061e-04
3.350796469021588564e-04
2.923100255429744720e-04
3.712220059242099524e-04
4.366093489807099104e-04
8.597771520726382732e-04
6.884688045829534531e-04
3.538229793775826693e-04
6.088545196689665318e-04
3.639846981968730688e-04
3.660547081381082535e-04
7.817578152753412724e-04
3.939126909244805574e-04
9.400527924299240112e-04
4.140434903092682362e-04
4.767369537148624659e-04
3.597047762013971806e-04
4.878079926129430532e-04
6.396875833161175251e-04
4.434973525349050760e-04
4.642098501790314913e-04
9.990370599552989006e-04
3.394478699192404747e-04
2.623559266794472933e-04
2.964217565022408962e-04
3.895170229952782393e-04
5.533352377824485302e-04
4.399579484015703201e-04
4.723214078694581985e-04
4.573860787786543369e-04
9.810016490519046783e-04
4.644098225980997086e-04
5.018367664888501167e-04
4.203697899356484413e-04
3.609513223636895418e-04
5.309504922479391098e-04
4.409505054354667664e-04
4.370720416773110628e-04
5.835639312863349915e-04
7.390666287392377853e-04
4.022211069241166115e-04
3.355523513164371252e-04
6.259948713704943657e-04
6.536353612318634987e-04
4.516883636824786663e-04
5.190529045648872852e-04
3.091693797614425421e-04
8.487785235047340393e-04
5.182065651752054691e-04
4.098921490367501974e-04
3.422413137741386890e-04
4.060252394992858171e-04
5.242391489446163177e-04
3.678134235087782145e-04
4.003055510111153126e-04
4.440002958290278912e-04
2.184553013648837805e-04
3.795798693317919970e-04
6.590546690858900547e-04
1.078984001651406288e-03
3.517451405059546232e-04
3.533877898007631302e-04
4.203538410365581512e-04
4.040609346702694893e-04
3.802592982538044453e-04
3.845971368718892336e-04
4.264561284799128771e-04
6.826941971667110920e-04
8.215047419071197510e-04
2.505892480257898569e-04
3.313230699859559536e-04
1.961561065400019288e-04
4.048655391670763493e-04
4.204671713523566723e-04
3.418411652091890574e-04
4.347987123765051365e-04
2.652416005730628967e-04
4.372896510176360607e-04
4.545754345599561930e-04
4.577680083457380533e-04
4.197179223410785198e-04
4.826223012059926987e-04
4.949833964928984642e-04
3.425749309826642275e-04
3.682869719341397285e-04
4.451983259059488773e-04
4.954946343787014484e-04
3.383233561180531979e-04
3.682135720737278461e-04
5.259673343971371651e-04
4.486165416892617941e-04
3.062229661736637354e-04
3.547110827639698982e-04
7.483860244974493980e-04
9.681924129836261272e-04
4.709397035185247660e-04
5.114002851769328117e-04
1.157997408881783485e-03
4.441299824975430965e-04
3.998384345322847366e-04
5.536462413147091866e-04
3.382692812010645866e-04
9.241376537829637527e-04
1.708423660602420568e-04
4.485216340981423855e-04
3.364315780345350504e-04
3.374399675521999598e-04
3.985705552622675896e-04
9.790842887014150620e-04
9.393091895617544651e-04
3.714317281264811754e-04
6.894030957482755184e-04
5.311378627084195614e-04
3.795137454289942980e-04
1.139567350037395954e-03
4.358553560450673103e-04
6.315973005257546902e-04
4.643276624847203493e-04
4.892035503871738911e-04
7.537808851338922977e-04
3.485092602204531431e-04
4.047913535032421350e-04
3.831066424027085304e-04
3.945278585888445377e-04
3.479640872683376074e-04
3.505285712890326977e-04
4.182485281489789486e-04
1.136020058766007423e-03
8.560261339880526066e-04
3.914512926712632179e-04
4.580007807817310095e-04
6.887543713673949242e-04
3.320429241284728050e-04
2.521660935599356890e-04
5.680680042132735252e-04
9.028182248584926128e-04
9.730894817039370537e-04
2.449532912578433752e-04
5.158897838555276394e-04
2.360406651860103011e-04
5.342819495126605034e-04
7.475905003957450390e-04
4.441173514351248741e-04
3.000658762175589800e-04
1.284091966226696968e-03
2.766178513411432505e-04
4.375411372166126966e-04
4.873564466834068298e-04
4.255375824868679047e-04
3.641311486717313528e-04
3.878705610986799002e-04
4.915510071441531181e-04
7.283650920726358891e-04
1.016484457068145275e-03
3.633557062130421400e-04
7.868573884479701519e-04
4.125255509279668331e-04
8.805541438050568104e-04
3.835662209894508123e-04
7.754893158562481403e-04
3.859724965877830982e-04
4.691969079431146383e-04
3.867263149004429579e-04
2.522227296140044928e-04
4.432470886968076229e-04
3.201218205504119396e-04
4.003811336588114500e-04
4.729317442979663610e-04
4.161098622716963291e-04
7.876001764088869095e-04
3.758492821361869574e-04
4.332143289502710104e-04
4.816848959308117628e-04
3.849405911751091480e-04
4.850113473366945982e-04
4.271681536920368671e-04
5.162206944078207016e-04
3.836088872049003839e-04
2.678488963283598423e-04
3.113391576334834099e-04
4.388770903460681438e-04
3.578172181732952595e-04
4.177452938165515661e-04
4.088112327735871077e-04
4.130793968215584755e-04
4.251885402482002974e-04
4.433815192896872759e-04
5.546522443182766438e-04
3.558989265002310276e-04
8.697971352376043797e-04
3.514793061185628176e-04
3.750342584680765867e-04
9.109718375839293003e-04
5.270452820695936680e-04
4.763378528878092766e-04
4.890682757832109928e-04
3.436749975662678480e-04
7.639473187737166882e-04
3.917549038305878639e-04
3.160684136673808098e-04
4.101002123206853867e-04
1.424268702976405621e-04
6.867841002531349659e-04
3.154880250804126263e-04
4.254938685335218906e-04
4.181571130175143480e-04
5.728125688619911671e-04
4.648399481084197760e-04
3.617983602453023195e-04
4.167424922343343496e-04
4.353204567451030016e-04
4.069429414812475443e-04
3.530506510287523270e-04
3.613736189436167479e-04
6.998918252065777779e-04
3.524508210830390453e-04
3.874251851812005043e-04
4.125529376324266195e-04
4.627268353942781687e-04
5.345056415535509586e-04
3.718709340319037437e-04
4.366131324786692858e-04
2.761290234047919512e-04
8.350006537511944771e-04
7.181384717114269733e-04
4.060477367602288723e-04
8.392562158405780792e-04
9.714556508697569370e-04
4.665682790800929070e-04
2.190525119658559561e-04
3.385517047718167305e-04
7.822064799256622791e-04
4.442482604645192623e-04
5.469590541906654835e-04
1.223436091095209122e-03
3.641021321527659893e-04
3.926868084818124771e-04
3.905803605448454618e-04
3.569763211999088526e-04
2.728585677687078714e-04
2.508923935238271952e-04
3.474009863566607237e-04
2.109808265231549740e-04
2.012532640947028995e-04
5.670742248184978962e-04
3.468087816145271063e-04
4.325591144151985645e-04
4.102166276425123215e-04
4.082264495082199574e-04
3.120129404123872519e-04
2.490998303983360529e-04
3.962278133258223534e-04
7.083744858391582966e-04
7.003502105362713337e-04
7.657087408006191254e-04
6.307126022875308990e-04
2.798717468976974487e-04
3.728329029399901628e-04
4.017887404188513756e-04
6.254274048842489719e-04
3.368860925547778606e-04
3.795585362240672112e-04
3.198237100150436163e-04
4.031811258755624294e-04
6.253651226870715618e-04
4.287962801754474640e-04
3.575639857444912195e-04
3.866970655508339405e-04
5.177050479687750340e-04
2.586512127891182899e-04
3.621626528911292553e-04
1.144091598689556122e-03
1.336342771537601948e-03
3.308625309728085995e-04
4.113877948839217424e-04
4.462387005332857370e-04
3.935824788641184568e-04
3.831688954960554838e-04
8.675909484736621380e-04
5.570654757320880890e-04
4.120967350900173187e-04
4.980141529813408852e-04
4.003871872555464506e-04
1.794432027963921428e-04
4.299276042729616165e-04
4.123393737245351076e-04
3.325041034258902073e-04
4.820407193619757891e-04
4.322072782088071108e-04
5.264774081297218800e-04
3.940566384699195623e-04
4.663693252950906754e-04
4.269191704224795103e-04
1.105369068682193756e-03
4.694180679507553577e-04
3.071904939133673906e-04
3.883828176185488701e-04
8.155239047482609749e-04
3.803325234912335873e-04
8.654511184431612492e-04
3.725507995113730431e-04
1.290316111408174038e-03
4.431431880220770836e-04
4.742293094750493765e-04
9.579468751326203346e-04
5.894160130992531776e-04
4.203074495308101177e-04
4.482374642975628376e-04
4.112954484298825264e-04
5.295901210047304630e-04
6.632245494984090328e-04
9.160006884485483170e-04
1.140782493166625500e-03
3.875865077134221792e-04
5.027318838983774185e-04
5.332097061909735203e-04
3.598896728362888098e-04
4.097027704119682312e-04
3.993429709225893021e-04
3.273030743002891541e-04
4.654618969652801752e-04
4.713267844635993242e-04
4.131858004257082939e-04
4.576469073072075844e-04
8.353339508175849915e-04
4.090613801963627338e-04
4.831713158637285233e-04
4.264385497663170099e-04
4.380205937195569277e-04
4.576630308292806149e-04
6.479707080870866776e-04
4.605856083799153566e-04
3.660248476080596447e-04
3.678622597362846136e-04
4.408559179864823818e-04
7.770608644932508469e-04
4.725507751572877169e-04
4.584925191011279821e-04
3.510871320031583309e-04
5.720833432860672474e-04
3.581185592338442802e-04
4.805893986485898495e-04
3.169437113683670759e-04
3.872684028465300798e-04
3.532802220433950424e-04
3.927621582988649607e-04
4.655506927520036697e-04
3.031732048839330673e-04
4.358979640528559685e-04
4.505511897150427103e-04
3.916850546374917030e-04
5.095350788906216621e-04
4.232967330608516932e-04
9.931647218763828278e-04
4.012917052023112774e-04
3.719631640706211329e-04
3.771413466893136501e-04
4.214035579934716225e-04
4.039990308228880167e-04
2.922616840805858374e-04
1.031231950037181377e-03
4.225478915031999350e-04
3.731518227141350508e-04
2.317451289854943752e-04
3.964994102716445923e-04
3.310167812742292881e-04
4.252129292581230402e-04
6.070884410291910172e-04
4.823054769076406956e-04
5.227548535913228989e-04
4.388504021335393190e-04
8.136656251735985279e-04
7.354577537626028061e-04
5.242645274847745895e-04
3.218613856006413698e-04
3.671404556371271610e-04
4.510683065745979548e-04
4.377328732516616583e-04
4.263582231942564249e-04
3.454709949437528849e-04
3.419516433496028185e-04
4.842872440349310637e-04
3.952382830902934074e-04
9.289549198001623154e-04
4.156225768383592367e-04
4.599379608407616615e-04
5.173585959710180759e-04
4.759270523209124804e-04
3.854168462567031384e-04
3.516983706504106522e-04
2.993605448864400387e-04
4.252056241966784000e-04
3.595976741053164005e-04
3.039810981135815382e-04
3.966325602959841490e-04
5.629154038615524769e-04
1.050781807862222195e-03
3.756310034077614546e-04
4.851541016250848770e-04
3.950690152123570442e-04
3.126540686935186386e-04
5.023853154852986336e-04
2.314062876394018531e-04
7.524185930378735065e-04
6.846806500107049942e-04
4.998026997782289982e-04
4.760457377415150404e-04
4.211804771330207586e-04
4.255842650309205055e-04
3.486709319986402988e-04
4.502457741182297468e-04
4.226379387546330690e-04
3.924108459614217281e-04
4.070763534400612116e-04
5.624645273201167583e-04
2.362251689191907644e-04
4.459321207832545042e-04
3.547288069967180490e-04
4.559034132398664951e-04
4.856275045312941074e-04
3.412560326978564262e-04
4.084999964106827974e-04
9.434456587769091129e-04
3.789415059145539999e-04
8.175828261300921440e-04
5.449466407299041748e-04
4.078605852555483580e-04
1.928092824527993798e-04
4.480827774386852980e-04
4.695588722825050354e-04
4.200221737846732140e-04
8.261252078227698803e-04
9.554974385537207127e-04
7.953002350404858589e-04
4.545560514088720083e-04
4.634825745597481728e-04
6.374693475663661957e-04
3.720947715919464827e-04
1.927655393956229091e-04
5.053298664279282093e-04
5.005501443520188332e-04
5.465449066832661629e-04
3.572769346646964550e-04
3.132279380224645138e-04
3.671402228064835072e-04
4.522141534835100174e-04
8.858324727043509483e-04
2.774645399767905474e-04
3.121680347248911858e-04
4.574425402097404003e-04
7.022773497737944126e-04
3.515916760079562664e-04
3.625476092565804720e-04
2.183028409490361810e-04
5.446485592983663082e-04
4.033287405036389828e-04
3.658164641819894314e-04
4.738512216135859489e-04
8.158280397765338421e-04
4.657348908949643373e-04
4.498521157074719667e-04
9.173066937364637852e-04
4.591681645251810551e-04
9.252571035176515579e-04
4.182261764071881771e-04
3.434193495195358992e-04
3.758154343813657761e-04
8.333334117196500301e-04
4.407821106724441051e-04
3.694086335599422455e-04
4.504529933910816908e-04
3.035500121768563986e-04
2.887363370973616838e-04
9.387662867084145546e-04
2.310796844540163875e-04
3.949918900616466999e-04
4.567455907817929983e-04
5.659569287672638893e-04
5.163248861208558083e-04
3.561881021596491337e-04
4.295987018849700689e-04
3.959813329856842756e-04
4.492173902690410614e-04
3.818966506514698267e-04
1.019496470689773560e-03
1.260382123291492462e-04
4.225993761792778969e-04
4.472206637728959322e-04
1.076719490811228752e-03
7.018965552560985088e-04
2.957782999146729708e-04
6.080729071982204914e-04
6.755064241588115692e-04
2.775400353129953146e-04
5.355259636417031288e-04
4.244491865392774343e-04
4.024985537398606539e-04
6.203264347277581692e-04
7.316581904888153076e-04
3.607854305300861597e-04
4.009751428384333849e-04
4.270856734365224838e-04
4.581359389703720808e-04
2.750450803432613611e-04
4.610526957549154758e-04
5.768142291344702244e-04
7.733190432190895081e-04
8.738978649489581585e-04
1.992563047679141164e-04
4.500114882830530405e-04
5.029662861488759518e-04
3.687037387862801552e-04
3.779031103476881981e-04
4.953183233737945557e-04
4.235196101944893599e-04
5.058927345089614391e-04
3.387567994650453329e-04
4.229897167533636093e-04
4.523451498243957758e-04
2.485757286194711924e-04
9.289858862757682800e-04
5.540557322092354298e-04
5.627917125821113586e-04
4.565884300973266363e-04
3.644595271907746792e-04
4.574808408506214619e-04
4.368779191281646490e-04
4.577136132866144180e-04
4.319383588153868914e-04
3.968400123994797468e-04
7.232292555272579193e-04
4.314714751671999693e-04
3.969567187596112490e-04
4.729142237920314074e-04
3.444919129833579063e-04
3.753052733372896910e-04
4.606149450410157442e-04
1.215184092870913446e-04
4.837064188905060291e-04
3.264255647081881762e-04
7.579247467219829559e-04
3.871292283292859793e-04
4.288326308596879244e-04
2.608696522656828165e-04
5.808531423099339008e-04
4.093712486792355776e-04
1.747241913108155131e-04
4.155400383751839399e-04
4.601950640790164471e-04
3.825876046903431416e-04
4.057472979184240103e-04
3.179989289492368698e-04
5.841522943228483200e-04
3.355958615429699421e-04
7.806012290529906750e-04
2.141621807822957635e-04
3.665749391075223684e-04
1.030383049510419369e-03
4.372939583845436573e-04
3.206442343071103096e-04
5.515227094292640686e-04
4.054835299029946327e-04
4.237652174197137356e-04
3.914881381206214428e-04
4.780298913829028606e-04
5.164151079952716827e-04
6.306431023404002190e-04
5.783090018667280674e-04
6.185947568155825138e-04
1.069688703864812851e-03
4.015850136056542397e-04
4.596296639647334814e-04
7.056673057377338409e-04
5.017456714995205402e-04
6.060986779630184174e-04
3.584961814340204000e-04
5.792651209048926830e-04
3.556394949555397034e-04
4.070636059623211622e-04
3.560382756404578686e-04
3.754677309188991785e-04
3.347735037095844746e-04
3.132307610940188169e-04
8.847857825458049774e-04
4.726843617390841246e-04
6.329154712148010731e-04
3.847093612421303988e-04
6.247577257454395294e-04
4.201405099593102932e-04
4.772161773871630430e-04
3.713286132551729679e-04
4.622271517291665077e-04
3.423271700739860535e-04
3.488564107101410627e-04
1.908011618070304394e-04
3.207056433893740177e-04
7.270508795045316219e-04
4.353694384917616844e-04
3.838450065813958645e-04
7.672301726415753365e-04
4.048512782901525497e-04
2.790796861518174410e-04
3.467870992608368397e-04
6.918841972947120667e-04
4.564514092635363340e-04
4.192441119812428951e-04
3.254893817938864231e-04
3.769099130295217037e-04
3.618668706621974707e-04
1.064068172127008438e-03
4.180653195362538099e-04
4.533766477834433317e-04
5.179226864129304886e-04
4.618751117959618568e-04
4.102546663489192724e-04
3.504421911202371120e-04
4.005922528449445963e-04
3.678582143038511276e-04
4.705527389887720346e-04
3.877206763718277216e-04
4.151685861870646477e-04
4.152789770159870386e-04
4.657850950025022030e-04
3.871081862598657608e-04
3.819865814875811338e-04
4.036251630168408155e-04
5.254994612187147141e-04
4.204475844744592905e-04
3.525683714542537928e-04
6.731071043759584427e-04
8.941398118622601032e-04
6.489639054052531719e-04
9.717744542285799980e-04
5.889754393137991428e-04
5.258438759483397007e-04
4.426846862770617008e-04
1.247129286639392376e-03
3.799163678195327520e-04
4.094447067473083735e-04
4.106488195247948170e-04
3.337678790558129549e-04
3.970132966060191393e-04
4.528611607383936644e-04
4.579936212394386530e-04
2.830638259183615446e-04
3.378442488610744476e-04
1.088668941520154476e-03
4.141379031352698803e-04
4.411891277413815260e-04
3.646472177933901548e-04
8.026969735510647297e-04
1.079195528291165829e-03
4.190364852547645569e-04
3.918581060133874416e-04
4.897508770227432251e-04
4.124363767914474010e-04
1.192255760543048382e-03
3.216482582502067089e-04
7.432895945385098457e-04
4.730355867650359869e-04
3.609804844018071890e-04
3.349911712575703859e-04
3.169121628161519766e-04
6.090743700042366982e-04
4.388435336295515299e-04
4.721068835351616144e-04
2.865577698685228825e-04
2.668832312338054180e-04
3.085431235376745462e-04
6.129764951765537262e-04
7.681600400246679783e-04
3.369691257830709219e-04
3.068257065024226904e-04
3.045193734578788280e-04
5.041610565967857838e-04
8.261884213425219059e-04
3.977508458774536848e-04
4.723298770841211081e-04
5.340658826753497124e-04
3.991132543887943029e-04
3.619320050347596407e-04
4.206768644507974386e-04
4.160826210863888264e-04
4.086840781383216381e-04
3.507971123326569796e-04
8.070257026702165604e-04
6.916559650562703609e-04
3.085879434365779161e-04
4.234908265061676502e-04
3.716987557709217072e-04
4.310295335017144680e-04
3.649721038527786732e-04
4.130678426008671522e-04
4.375518183223903179e-04
3.867915365844964981e-04
9.395656525157392025e-04
4.067192785441875458e-04
8.078392129391431808e-04
4.257193068042397499e-04
4.310978692956268787e-04
5.854547489434480667e-04
1.046166056767106056e-03
4.841391637455672026e-04
4.851068952120840549e-04
5.118530243635177612e-04
4.255880194250494242e-04
3.957521403208374977e-04
4.339816805440932512e-04
3.653196035884320736e-04
2.938902471214532852e-04
4.011601267848163843e-04
4.472314903978258371e-04
7.195702055469155312e-04
8.196770795620977879e-04
3.925089840777218342e-04
3.877222479786723852e-04
4.747047496493905783e-04
3.050735685974359512e-04
3.908899088855832815e-04
4.296451807022094727e-04
9.986347286030650139e-04
6.338815437629818916e-04
4.736876289825886488e-04
1.183071173727512360e-03
3.885660844389349222e-04
9.721618262119591236e-04
4.599350504577159882e-04
2.478534006513655186e-04
4.819426394533365965e-04
6.634235614910721779e-04
4.829551326110959053e-04
5.091674975119531155e-04
3.284047124907374382e-04
4.278130072634667158e-04
3.010364307556301355e-04
3.789788170251995325e-04
3.698661748785525560e-04
2.579584543127566576e-04
7.442024070769548416e-04
4.600166867021471262e-04
7.250394555740058422e-04
1.193577074445784092e-03
3.171091957483440638e-04
3.815983945969492197e-04
4.497122718021273613e-04
4.107709974050521851e-04
8.672184776514768600e-04
3.694574697874486446e-04
3.704392293002456427e-04
3.804833686444908381e-04
5.893300985917448997e-04
4.518975038081407547e-04
5.730132033932022750e-05
3.155343583784997463e-04
6.077152211219072342e-04
4.820457543246448040e-04
3.810817433986812830e-04
4.550160956569015980e-04
3.805139858741313219e-04
3.527100780047476292e-04
3.378505352884531021e-04
5.615002592094242573e-04
3.530030953697860241e-04
2.308320981683209538e-04
1.222210703417658806e-03
6.528496160171926022e-04
7.461026543751358986e-04
4.128728178329765797e-04
3.435092512518167496e-04
3.384586598258465528e-04
1.293618115596473217e-03
6.129383691586554050e-04
1.221977639943361282e-03
3.791271301452070475e-04
3.766314766835421324e-04
5.946972523815929890e-04
3.275976923760026693e-04
7.687466568313539028e-04
6.682638195343315601e-04
4.363576881587505341e-04
3.800934355240315199e-04
2.915605145972222090e-04
4.813968553207814693e-04
5.523150321096181870e-04
3.810068301390856504e-04
4.080046201124787331e-04
7.525127730332314968e-04
2.998592681251466274e-04
4.025109519716352224e-04
4.870418051723390818e-04
3.916215500794351101e-04
4.154134367126971483e-04
4.648276953957974911e-04
3.238904755562543869e-04
2.562292211223393679e-04
2.519438858143985271e-04
2.940625126939266920e-04
1.226356485858559608e-03
8.046802249737083912e-04
5.228448426350951195e-04
3.511923132464289665e-04
3.090916434302926064e-04
9.371699998155236244e-04
3.281575336586683989e-04
1.708512136247009039e-04
7.159487577155232430e-04
1.053386251442134380e-03
3.044691984541714191e-04
4.910794668830931187e-04
3.757907543331384659e-04
7.144377450458705425e-04
3.596105671022087336e-04
4.845348594244569540e-04
4.125587583985179663e-04
3.690482990350574255e-04
4.090326838195323944e-04
3.709293669089674950e-04
4.276979016140103340e-04
7.676940876990556717e-04
4.306027840357273817e-04
4.582983092404901981e-04
4.609108727890998125e-04
2.238398010376840830e-04
4.023359797429293394e-04
4.321651940699666739e-04
4.295910475775599480e-04
9.080449235625565052e-04
5.234627169556915760e-04
5.086875753477215767e-04
3.733077610377222300e-04
3.886798222083598375e-04
5.641591851599514484e-04
6.747842999175190926e-04
4.452428256627172232e-04
3.664561954792588949e-04
7.995712221600115299e-04
4.475390887819230556e-04
4.398190649226307869e-04
2.012817276408895850e-04
4.086316912434995174e-04
4.958689096383750439e-04
8.674233686178922653e-04
4.253365623299032450e-04
4.722968733403831720e-04
3.779983962886035442e-04
3.604710800573229790e-04
4.289693897590041161e-04
2.910186012741178274e-04
3.932196996174752712e-04
4.638867685571312904e-04
1.167244554380886257e-04
3.936036664526909590e-04
3.890702209901064634e-04
5.241495673544704914e-04
6.922631873749196529e-04
5.203603650443255901e-04
4.083776148036122322e-04
4.312765086069703102e-04
2.525125746615231037e-04
3.009343345183879137e-04
5.155670223757624626e-04
4.210693587083369493e-04
3.676544001791626215e-04
3.967730153817683458e-04
2.271053963340818882e-04
3.943185147363692522e-04
4.324756737332791090e-04
1.844445941969752312e-04
2.867845760192722082e-04
4.327556525822728872e-04
3.689609584398567677e-04
3.630370483733713627e-04
4.196069785393774509e-04
4.344095068518072367e-04
4.251619975548237562e-04
3.467792412266135216e-04
3.709246811922639608e-04
3.286375431343913078e-04
8.398875361308455467e-04
7.062377990223467350e-04
3.635585017036646605e-04
4.100768419448286295e-04
9.176200255751609802e-04
3.986228257417678833e-04
4.101581871509552002e-04
2.632539544720202684e-04
3.619110502768307924e-04
3.027209022548049688e-04
5.334150046110153198e-04
3.651592705864459276e-04
2.962002181448042393e-04
2.675189170986413956e-04
3.901317541021853685e-04
4.666807071771472692e-04
3.485159832052886486e-04
2.698528405744582415e-04
9.401828283444046974e-04
5.514392396435141563e-04
9.350198670290410519e-04
3.833719820249825716e-04
4.997328505851328373e-04
4.781087045557796955e-04
8.044578717090189457e-04
6.315721548162400723e-04
3.906989004462957382e-04
3.303143894299864769e-04
1.895838649943470955e-04
4.114256589673459530e-04
4.497524932958185673e-04
7.033763104118406773e-04
3.743322449736297131e-04
4.710986977443099022e-04
3.922795585822314024e-04
4.433203430380672216e-04
2.444103884045034647e-04
3.899413859471678734e-04
5.080649862065911293e-04
6.247659912332892418e-04
6.229315767996013165e-04
1.048703328706324100e-03
1.021977397613227367e-03
3.320876858197152615e-04
2.159505675081163645e-04
4.019213665742427111e-04
8.829077705740928650e-04
5.986811011098325253e-04
5.222560721449553967e-04
3.509701055008918047e-04
4.081134684383869171e-04
2.682358608581125736e-04
5.398282664828002453e-04
3.984917711932212114e-04
4.207744204904884100e-04
5.249974783509969711e-04
2.955630188807845116e-04
2.742861106526106596e-04
4.422998463269323111e-04
4.965795087628066540e-04
7.062520598992705345e-04
3.675722109619528055e-04
7.984766853041946888e-04
3.891603846568614244e-04
4.953141324222087860e-04
3.750551259145140648e-04
6.270021549426019192e-04
3.652698942460119724e-04
4.280013090465217829e-04
4.253529768902808428e-04
3.713906917255371809e-04
5.021662800572812557e-04
7.225222652778029442e-04
4.132979374844580889e-04
7.291035726666450500e-04
4.235072992742061615e-04
3.834878443740308285e-04
4.228391626384109259e-04
5.466179572977125645e-04
3.579772601369768381e-04
4.224567965138703585e-04
3.494425618555396795e-04
4.230440536048263311e-04
8.055369835346937180e-04
4.744652542285621166e-04
9.452502708882093430e-04
3.871501539833843708e-04
4.224223084747791290e-04
3.728585434146225452e-04
4.208498285152018070e-04
3.074450360145419836e-04
4.021480854135006666e-04
4.495049943216145039e-04
3.392526996321976185e-04
5.458093946799635887e-04
8.688248926773667336e-04
6.958667654544115067e-04
6.363144493661820889e-04
2.433715562801808119e-04
3.770077310036867857e-04
5.083292489871382713e-04
3.760539984796196222e-04
4.788507067132741213e-04
5.385847180150449276e-04
4.659156547859311104e-04
4.063900269102305174e-04
4.889923147857189178e-04
4.634770739357918501e-04
2.344254899071529508e-04
2.770743740256875753e-04
4.077994090039283037e-04
3.688053984660655260e-04
4.141774261370301247e-04
4.154276975896209478e-04
5.613969406113028526e-04
7.145350100472569466e-04
4.659166443161666393e-04
6.899268482811748981e-04
5.031611071899533272e-04
4.525361582636833191e-04
2.897447848226875067e-04
4.429997061379253864e-04
4.607422160916030407e-04
4.584972339216619730e-04
4.355474666226655245e-04
7.784551708027720451e-04
5.754902376793324947e-04
3.375764354132115841e-04
3.541326732374727726e-04
2.351490547880530357e-04
1.110705430619418621e-03
5.196179263293743134e-04
3.523133636917918921e-04
5.731827695854008198e-04
2.802297240123152733e-04
7.398712332360446453e-04
6.481162854470312595e-04
3.579742915462702513e-04
4.246924945618957281e-04
8.066492155194282532e-04
3.405725583434104919e-04
6.080240709707140923e-04
3.741186228580772877e-04
4.046907415613532066e-04
3.587448445614427328e-04
4.275298269931226969e-04
7.246975437738001347e-04
4.352568066678941250e-04
3.371364728081971407e-04
3.444949688855558634e-04
3.882431192323565483e-04
5.048083257861435413e-04
1.718546118354424834e-04
7.315723341889679432e-04
9.263760293833911419e-04
9.733141050674021244e-04
3.247423155698925257e-04
3.651354345493018627e-04
3.260346711613237858e-04
3.773505159188061953e-04
3.949560632463544607e-04
4.263173614162951708e-04
3.190341813024133444e-04
3.867839986924082041e-04
1.010384876281023026e-03
3.850948123726993799e-04
5.499269464053213596e-04
4.159971431363373995e-04
3.366784367244690657e-04
5.245167994871735573e-04
3.498875594232231379e-04
4.504550888668745756e-04
3.577730967663228512e-04
4.191302577964961529e-04
2.806988777592778206e-04
3.341306583024561405e-04
3.307256265543401241e-04
4.090802394784986973e-04
4.301165463402867317e-04
3.196078760083764791e-04
9.577417513355612755e-04
4.242841969244182110e-04
4.798857262358069420e-04
3.046734200324863195e-04
3.880015574395656586e-04
5.001809913665056229e-04
3.452560631558299065e-04
3.036462585441768169e-04
3.590082051232457161e-04
5.608789506368339062e-04
5.130342324264347553e-04
2.910254988819360733e-04
9.364386205561459064e-04
7.638957467861473560e-04
3.164586669299751520e-04
7.222851272672414780e-04
5.748019320890307426e-04
3.102798073086887598e-04
4.316538106650114059e-04
2.342921652598306537e-04
6.129557732492685318e-04
4.249261692166328430e-04
4.321407468523830175e-04
1.072091981768608093e-03
2.689544926397502422e-04
3.298341762274503708e-04
9.734811610542237759e-04
4.298060375731438398e-04
1.039000693708658218e-03
1.303480588831007481e-03
5.448921001516282558e-04
4.721260629594326019e-04
6.658195634372532368e-04
6.855917163193225861e-04
4.234073858242481947e-04
4.124967963434755802e-04
3.924426564481109381e-04
5.250843823887407780e-04
3.518812009133398533e-04
3.924447519239038229e-04
4.333782417234033346e-04
4.191096522845327854e-04
5.347452824935317039e-04
1.191744580864906311e-03
3.846657637041062117e-04
4.237466200720518827e-04
4.218178219161927700e-04
6.764911231584846973e-04
3.900319570675492287e-04
4.162426921539008617e-04
1.073263469152152538e-03
4.071835719514638186e-04
7.780374726280570030e-04
7.569090230390429497e-04
3.505371278151869774e-04
5.999960703775286674e-04
3.667243872769176960e-04
4.729251668322831392e-04
4.251577483955770731e-04
3.679306246340274811e-04
3.871738153975456953e-04
4.038495535496622324e-04
2.350031718378886580e-04
7.954580360092222691e-04
5.060646799392998219e-04
5.009950837120413780e-04
3.833646769635379314e-04
8.362965891137719154e-04
4.429969703778624535e-04
4.507966514211148024e-04
4.033421282656490803e-04
5.442450637929141521e-04
4.172802437096834183e-04
2.180339943151921034e-04
3.801360144279897213e-04
4.023477667942643166e-04
3.538044984452426434e-04
3.786940942518413067e-04
4.417352029122412205e-04
3.943132469430565834e-04
1.006712554953992367e-03
3.809173067566007376e-04
6.368168978951871395e-04
7.409548852592706680e-04
9.636544273234903812e-04
4.251823120284825563e-04
4.362116451375186443e-04
3.109367389697581530e-04
4.322468012105673552e-04
4.016574530396610498e-04
4.558576911222189665e-04
4.013681318610906601e-04
4.842443449888378382e-04
3.235467011108994484e-04
4.782700852956622839e-04
4.455678572412580252e-04
4.273606464266777039e-04
3.851797373499721289e-04
3.178359183948487043e-04
4.043699300382286310e-04
4.711214860435575247e-04
4.450500709936022758e-04
4.061801300849765539e-04
3.985223302152007818e-04
4.336650890763849020e-04
7.302694721147418022e-04
5.576090188696980476e-04
3.965964715462177992e-04
4.414013819769024849e-04
4.529237630777060986e-04
4.578827938530594110e-04
3.361419658176600933e-04
4.108738503418862820e-04
3.110871184617280960e-04
3.907442151103168726e-04
2.896624500863254070e-04
2.822119568008929491e-04
3.400677233003079891e-04
5.530062480829656124e-04
4.818177549168467522e-04
4.270343633834272623e-04
6.066481582820415497e-04
1.168788759969174862e-03
6.207880796864628792e-04
4.135493072681128979e-04
3.445665934123098850e-04
4.255085077602416277e-04
2.552432415541261435e-04
7.902160286903381348e-04
5.350190913304686546e-04
8.122470462694764137e-04
9.370666230097413063e-04
4.701069847214967012e-04
4.642790008801966906e-04
6.903883768245577812e-04
5.042587290517985821e-04
4.297482955735176802e-04
4.664612933993339539e-04
3.783658321481198072e-04
4.462663200683891773e-04
3.473803808446973562e-04
4.919494385831058025e-04
7.218164973892271519e-04
4.106483538635075092e-04
3.078833979088813066e-04
2.973225200548768044e-04
4.842543567065149546e-04
5.287803360261023045e-04
1.317463757004588842e-04
3.564636863302439451e-04
1.034864108078181744e-03
4.225901211611926556e-04
7.646213052794337273e-04
9.812980424612760544e-04
6.411125068552792072e-04
6.254120962694287300e-04
8.920222753658890724e-04
8.599740103818476200e-04
3.905182238668203354e-04
8.047826704569160938e-04
4.832714330404996872e-04
4.955313052050769329e-04
4.648377071134746075e-04
7.935842149890959263e-04
3.878292336594313383e-04
4.907083930447697639e-04
5.108911427669227123e-04
5.099632544443011284e-04
8.834718610160052776e-04
4.807056975550949574e-04
3.470420779194682837e-04
6.710697780363261700e-04
4.180135438218712807e-04
3.906776837538927794e-04
3.977965097874403000e-04
3.374399675521999598e-04
3.389893972780555487e-04
4.279767163097858429e-04
1.148156006820499897e-03
7.606284925714135170e-04
1.100493245758116245e-03
4.020213964395225048e-04
3.939593152608722448e-04
8.778214105404913425e-04
3.642746596597135067e-04
1.043908880092203617e-03
5.521262064576148987e-04
4.070691065862774849e-04
4.335323465056717396e-04
8.268895326182246208e-04
3.777355304919183254e-04
2.917667443398386240e-04
5.807899287901818752e-04
4.154518537689000368e-04
3.062061441596597433e-04
2.843122638296335936e-04
4.367382789496332407e-04
3.501077007967978716e-04
8.131706854328513145e-04
4.453742585610598326e-04
2.757850452326238155e-04
8.389963768422603607e-04
3.970330581068992615e-04
2.987442421726882458e-04
4.143178230151534081e-04
9.053024114109575748e-04
4.283739835955202579e-04
4.102198581676930189e-04
4.398303572088479996e-04
3.523946797940880060e-04
3.564732323866337538e-04
3.888362261932343245e-04
3.422881709411740303e-04
3.622712392825633287e-04
4.294335376471281052e-04
5.225174827501177788e-04
1.053381478413939476e-03
4.151382308918982744e-04
4.162375698797404766e-04
4.466772952582687140e-04
1.064301701262593269e-03
4.204587021376937628e-04
3.486336790956556797e-04
2.287882525706663728e-04
4.012163262814283371e-04
4.179032403044402599e-04
1.467844122089445591e-04
3.212819865439087152e-04
4.141698009334504604e-04
2.487747988197952509e-04
4.127255524508655071e-04
5.028945161029696465e-04
3.842331934720277786e-04
3.120273759122937918e-04
4.111459420528262854e-04
3.738727536983788013e-04
4.650024056900292635e-04
4.243643779773265123e-04
3.945053904317319393e-04
1.061200047843158245e-03
7.627269951626658440e-04
8.406404522247612476e-04
4.478949704207479954e-04
4.212799831293523312e-04
2.444639103487133980e-04
4.022982902824878693e-04
2.627213543746620417e-04
4.909827839583158493e-04
4.374898271635174751e-04
8.272373815998435020e-04
6.669809808954596519e-04
5.621910677291452885e-04
2.197933936258777976e-04
1.057764166034758091e-03
7.811767281964421272e-04
4.706999461632221937e-04
1.003951765596866608e-03
4.402218328323215246e-04
4.547617281787097454e-04
3.618561022449284792e-04
6.883725291118025780e-04
5.840256344527006149e-04
3.063559997826814651e-04
4.864522488787770271e-04
3.640246286522597075e-04
5.142128793522715569e-04
4.103280371055006981e-04
3.896643174812197685e-04
3.785226144827902317e-04
3.526339132804423571e-04
3.986278024967759848e-04
1.940855872817337513e-04
4.844825598411262035e-04
4.108763241674751043e-04
3.764645953197032213e-04
5.854686023667454720e-04
4.353024996817111969e-04
5.411782185547053814e-04
5.120992427691817284e-04
4.556289641186594963e-04
3.730528696905821562e-04
6.397643010132014751e-04
2.616922720335423946e-04
4.212591156829148531e-04
3.124162321910262108e-04
4.344985645730048418e-04
4.909575800411403179e-04
8.848117431625723839e-04
4.972638562321662903e-04
1.147163333371281624e-03
9.881327860057353973e-04
1.042463816702365875e-03
4.878909676335752010e-04
4.125230771023780107e-04
4.511764273047447205e-04
5.979879642836749554e-04
3.016927803400903940e-04
4.256565007381141186e-04
3.055171400774270296e-04
7.917208713479340076e-04
6.699740188196301460e-04
4.962349776178598404e-04
6.412794464267790318e-04
3.612470172811299562e-04
7.616251823492348194e-04
4.648347967304289341e-04
4.212013736832886934e-04
3.387274045962840319e-04
4.706459003500640392e-04
9.616651805117726326e-04
5.948001053184270859e-04
3.849726053886115551e-04
2.999466669280081987e-04
2.349283895455300808e-04
8.014582563191652298e-04
2.867726434487849474e-04
3.679529181681573391e-04
1.624235301278531551e-04
3.105456125922501087e-04
6.059316219761967659e-04
9.372312924824655056e-04
3.756184014491736889e-04
2.065320732071995735e-04
9.208416449837386608e-04
9.116879664361476898e-04
2.380121732130646706e-04
3.966943768318742514e-04
4.213046049699187279e-04
4.746088525280356407e-04
9.142270428128540516e-04
4.261501599103212357e-04
3.543671045918017626e-04
4.656994133256375790e-04
7.112859166227281094e-04
4.202998243272304535e-04
2.646929933689534664e-04
8.129792986437678337e-04
5.607605562545359135e-04
4.206330631859600544e-04
5.482508568093180656e-04
3.912555112037807703e-04
3.661055234260857105e-04
3.371114144101738930e-04
2.283537032781168818e-04
4.202485724817961454e-04
3.510937094688415527e-04
3.736178041435778141e-04
3.558048338163644075e-04
4.018222389277070761e-04
6.451287772506475449e-04
3.311522887088358402e-04
1.698157575447112322e-04
4.082552040927112103e-04
4.641123814508318901e-04
4.793612752109766006e-04
9.697584901005029678e-04
7.275504758581519127e-04
1.373852952383458614e-03
4.478587070479989052e-04
4.497534828260540962e-04
3.445895272307097912e-04
4.647237947210669518e-04
1.957084023160859942e-04
2.474873617757111788e-04
4.477749753277748823e-04
9.437707485631108284e-04
9.609461994841694832e-04
3.993796417489647865e-04
3.673785831779241562e-04
2.744861121755093336e-04
5.248174420557916164e-04
4.554964543785899878e-04
3.618535993155092001e-04
4.778024449478834867e-04
3.345861332491040230e-04
3.359756374265998602e-04
3.842355508822947741e-04
2.643190673552453518e-04
6.016301922500133514e-04
4.368000663816928864e-04
4.534287145361304283e-04
4.548520955722779036e-04
7.113956962712109089e-04
2.688798413146287203e-04
6.208624690771102905e-04
3.629660059232264757e-04
4.697935655713081360e-04
7.084009703248739243e-04
9.371407213620841503e-04
3.981631307397037745e-04
2.093590737786144018e-04
4.250250640325248241e-04
6.793905631639063358e-04
1.122281537391245365e-03
3.161602071486413479e-04
4.498157941270619631e-04
2.085815940517932177e-04
4.215202352497726679e-04
4.863703215960413218e-04
3.450234944466501474e-04
4.923313390463590622e-04
4.281741275917738676e-04
5.253591225482523441e-04
4.775403940584510565e-04
6.213980377651751041e-04
7.829142850823700428e-04
3.686133713927119970e-04
5.549452034756541252e-04
5.739616462960839272e-04
3.404489252716302872e-04
9.750181925483047962e-04
4.542559327092021704e-04
7.866520900279283524e-04
6.745643913745880127e-04
2.826371637638658285e-04
3.820926358457654715e-04
3.083424817305058241e-04
5.819990765303373337e-04
5.010437453165650368e-04
3.891444357577711344e-04
5.495155346579849720e-04
6.251070881262421608e-04
6.106697837822139263e-04
2.356662589590996504e-04
3.461973101366311312e-04
4.745014302898198366e-04
3.721918328665196896e-04
2.159820724045857787e-04
7.464419468306005001e-04
2.804078394547104836e-04
2.843378169927746058e-04
4.213219217490404844e-04
3.131440025754272938e-04
4.296852566767483950e-04
3.818777622655034065e-04
5.978204426355659962e-04
6.286443676799535751e-04
4.182091506663709879e-04
4.521032387856394053e-04
7.002105121500790119e-04
4.808940575458109379e-04
4.153098270762711763e-04
4.811229300685226917e-04
2.127915213350206614e-04
3.324981371406465769e-04
4.224367439746856689e-04
3.391689679119735956e-04
4.337512946221977472e-04
4.464608209673315287e-04
2.712486602831631899e-04
4.347538342699408531e-04
4.276709805708378553e-04
5.506224697455763817e-04
5.090071354061365128e-04
5.181099404580891132e-04
3.641939256340265274e-04
3.068622609134763479e-04
3.155793529003858566e-04
7.107053534127771854e-04
4.971922026015818119e-04
3.731828473974019289e-04
4.685892199631780386e-04
4.635095247067511082e-04
4.699683049693703651e-04
4.244115552864968777e-04
8.967965841293334961e-04
1.008286024443805218e-03
3.059159207623451948e-04
7.061671931296586990e-04
4.146732098888605833e-04
4.364605993032455444e-04
4.489650018513202667e-04
3.948034136556088924e-04
3.128201060462743044e-04
3.536189324222505093e-04
3.683603426907211542e-04
4.120455414522439241e-04
4.372595285531133413e-04
2.233464765595272183e-04
3.295640926808118820e-04
7.376209832727909088e-04
5.577379488386213779e-04
3.477132704574614763e-04
4.386453074403107166e-04
4.554719198495149612e-04
5.572835798375308514e-04
2.884333080146461725e-04
5.673332489095628262e-04
3.359968250151723623e-04
2.492884523235261440e-04
3.941904578823596239e-04
3.426644252613186836e-04
7.245427113957703114e-04
3.110978577751666307e-04
5.008705775253474712e-04
4.234105872455984354e-04
6.587668322026729584e-04
5.380381480790674686e-04
1.317949849180877209e-03
3.278483345638960600e-04
4.191286279819905758e-04
2.753305307123810053e-04
3.159297921229153872e-04
4.424077342264354229e-04
3.895223489962518215e-04
4.880430351477116346e-04
8.382619125768542290e-04
3.638477064669132233e-04
4.117326461710035801e-04
3.000280703417956829e-04
4.380700702313333750e-04
4.536013584583997726e-04
5.394908948801457882e-04
2.968570915982127190e-04
3.565833612810820341e-04
3.672167658805847168e-04
4.229536571074277163e-04
4.871769633609801531e-04
3.965651558246463537e-04
3.936194407287985086e-04
4.188924503978341818e-04
3.011146036442369223e-04
4.364696505945175886e-04
7.326445775106549263e-04
1.762668834999203682e-04
4.919940838590264320e-04
3.974013088736683130e-04
3.254037874285131693e-04
3.542250778991729021e-04
4.102815291844308376e-04
3.431291843298822641e-04
2.179455768782645464e-04
4.954386968165636063e-04
3.894721739925444126e-04
4.888333496637642384e-04
4.461230128072202206e-04
4.974406328983604908e-04
4.264455928932875395e-04
3.182173823006451130e-04
3.558674361556768417e-04
3.955663705710321665e-04
3.814555821008980274e-04
9.373872890137135983e-04
3.023603057954460382e-04
6.983086350373923779e-04
4.490945138968527317e-04
4.535643674898892641e-04
8.772587752901017666e-04
9.689758880995213985e-04
1.558877120260149240e-04
3.445419133640825748e-04
4.374097625259310007e-04
1.152323675341904163e-03
5.104123265482485294e-04
3.944178461097180843e-04
9.617645409889519215e-04
2.473204804118722677e-04
4.415851435624063015e-04
4.336946294642984867e-04
5.735715385526418686e-04
4.017673491034656763e-04
3.695650375448167324e-04
7.036923198029398918e-04
2.449536987114697695e-04
4.234076477587223053e-04
3.388324112165719271e-04
1.114246668294072151e-03
3.680283261928707361e-04
3.876998089253902435e-04
4.010027041658759117e-04
4.180377000011503696e-04
4.824845527764409781e-04
4.166151920799165964e-04
3.926209465134888887e-04
3.034901164937764406e-04
3.182617656420916319e-04
6.067818612791597843e-04
8.395658223889768124e-04
4.371652903500944376e-04
4.660285485442727804e-04
5.875908536836504936e-04
8.215997368097305298e-04
4.791324317920953035e-04
3.685019328258931637e-04
2.305174857610836625e-04
3.582177741918712854e-04
4.802719340659677982e-04
3.979129833169281483e-04
6.869881181046366692e-04
3.818435361608862877e-04
2.969297638628631830e-04
8.112197974696755409e-04
2.509865735191851854e-04
4.386933869682252407e-04
4.097490746062248945e-04
3.876739938277751207e-04
9.353599743917584419e-04
2.329841372556984425e-04
3.064924094360321760e-04
6.999410688877105713e-04
2.486568118911236525e-04
3.482934262137860060e-04
3.875831607729196548e-04
9.090410894714295864e-04
4.594139754772186279e-04
6.577436579391360283e-04
3.980838228017091751e-04
4.778187139891088009e-04
3.923775802832096815e-04
4.440665652509778738e-04
6.051643285900354385e-04
1.284255180507898331e-03
3.488986694719642401e-04
4.647946625482290983e-04
6.494289264082908630e-04
3.350734477862715721e-04
4.626536683645099401e-04
5.561228608712553978e-04
3.193465527147054672e-04
3.743779670912772417e-04
3.962554037570953369e-04
5.726490053348243237e-04
4.491229192353785038e-04
5.781669169664382935e-04
3.549327666405588388e-04
7.275257376022636890e-04
4.053451993968337774e-04
3.516035212669521570e-04
2.989406057167798281e-04
2.837785286828875542e-04
4.223337455186992884e-04
4.535746411420404911e-04
3.778402460739016533e-04
4.173370252829045057e-04
3.181055653840303421e-04
6.507281213998794556e-04
4.362183972261846066e-04
4.068812413606792688e-04
4.432854184415191412e-04
2.842137473635375500e-04
3.232365706935524940e-04
3.708798030856996775e-04
3.895871923305094242e-04
4.483812663238495588e-04
4.245185700710862875e-04
3.292452020104974508e-04
3.660980146378278732e-04
2.858600346371531487e-04
7.807080401107668877e-04
5.215452401898801327e-04
3.757875529117882252e-04
6.417084368877112865e-04
4.559043736662715673e-04
6.783915450796484947e-04
9.896127739921212196e-04
4.655218217521905899e-04
3.095775318797677755e-04
3.998276661150157452e-04
4.038542101625353098e-04
3.807608154602348804e-04
4.369215457700192928e-04
9.329334716312587261e-04
6.805634475313127041e-04
1.447108516003936529e-04
4.427671083249151707e-04
2.715568407438695431e-04
3.358209214638918638e-04
4.009109106846153736e-04
8.795524481683969498e-04
4.272137884981930256e-04
3.244051185902208090e-04
1.049599493853747845e-03
8.128636982291936874e-04
3.523895575199276209e-04
5.926286103203892708e-04
8.988518966361880302e-04
6.482253666035830975e-04
4.164169367868453264e-04
3.427358460612595081e-04
4.472698201425373554e-04
3.263637481722980738e-04
3.580487100407481194e-04
3.665614640340209007e-04
4.252347571309655905e-04
4.832516424357891083e-04
7.829412934370338917e-04
2.457913942635059357e-04
3.012282832060009241e-04
3.726589784491807222e-04
4.264279850758612156e-04
3.881160228047519922e-04
4.853832651861011982e-04
4.053561133332550526e-04
3.452380478847771883e-04
3.706601273734122515e-04
4.854107100982218981e-04
5.083128344267606735e-04
4.213832435198128223e-04
3.871579538099467754e-04
5.523995496332645416e-04
4.763624456245452166e-04
4.313492972869426012e-04
7.202735869213938713e-04
2.981062571052461863e-04
5.512632778845727444e-04
5.520039121620357037e-04
4.131536989007145166e-04
4.691898648161441088e-04
5.259842146188020706e-04
7.703526644036173820e-04
4.103705869056284428e-04
4.489195125643163919e-04
3.312062181066721678e-04
3.417647385504096746e-04
5.711506819352507591e-04
2.642117615323513746e-04
6.592218414880335331e-04
1.275999587960541248e-03
4.178166855126619339e-04
1.277395174838602543e-03
8.221737807616591454e-04
5.703996866941452026e-04
3.682473325170576572e-04
7.052212604321539402e-04
3.698709770105779171e-04
4.004069778602570295e-04
3.751063486561179161e-04
5.376043845899403095e-04
5.250945687294006348e-04
4.462510405573993921e-04
4.029516130685806274e-04
8.050092146731913090e-04
4.290768411010503769e-04
5.467809969559311867e-04
4.310181539040058851e-04
4.160512180533260107e-04
2.591446973383426666e-04
7.159871165640652180e-04
9.019447606988251209e-04
1.211995841003954411e-03
4.418235621415078640e-04
2.654480631463229656e-04
8.116780081763863564e-04
6.828548503108322620e-04
4.177785885985940695e-04
6.680643418803811073e-04
4.261574067641049623e-04
3.707929572556167841e-04
2.461033291183412075e-04
3.453318495303392410e-04
6.706948624923825264e-04
2.384297404205426574e-04
4.197090456727892160e-04
3.605788806453347206e-04
4.475315217860043049e-04
5.330517305992543697e-04
3.875219263136386871e-04
7.736528641544282436e-04
1.832891139201819897e-04
4.483385419007390738e-04
4.160610260441899300e-04
7.169261225499212742e-04
3.485228517092764378e-04
6.567494128830730915e-04
2.727431419771164656e-04
3.653276362456381321e-04
2.087973698507994413e-04
4.194700450170785189e-04
4.830597026739269495e-04
4.510171711444854736e-04
1.328588463366031647e-03
6.232024752534925938e-04
4.220072296448051929e-04
3.848465275950729847e-04
2.075316297123208642e-04
4.233681829646229744e-04
3.542130289133638144e-04
3.820942365564405918e-04
4.409466055221855640e-04
3.366731398273259401e-04
3.310122410766780376e-04
4.394109419081360102e-04
7.879079785197973251e-04
4.998125368729233742e-04
3.070153761655092239e-04
3.913830732926726341e-04
3.961286565754562616e-04
4.734536341857165098e-04
4.707382468041032553e-04
3.069090889766812325e-04
3.601822245400398970e-04
4.311180964577943087e-04
4.499621281865984201e-04
